2       204120
3       204119
4       204118
5       204130
6       204287
7       205653
8       215734
9       283690
10      719998
11      3.32242e+06
12      1.83086e+07
13      9.07057e+07
14      -5.53329e+07
15      3.8821e+06
16      -1.01342e+08
17      2.08659e+07
18      1.05149e+07
19      5.18464e+06
20      -5.53415e+06
21      6.66648e+06
22      3.05109e+06
23      3.863e+06
24      -5.2356e+06
25      -1.78804e+07
26      1.90054e+06
27      2.6138e+07
28      -1.88596e+06
29      6.74293e+06
30      -1.39228e+07
31      7.7369e+06
32      -4.42732e+06
33      -2.91635e+06
34      -65536
35      3.15302e+06
36      -371365
37      5.10453e+06
38      -699051
39      9.16412e+06
40      -1.05586e+06